6
7, 8
4, 5, 6, 7, 16, 25
16:00:00
::::::::::
10
13, 11, 12
90379359, 314042698, 122586155, 90379613, 428214870, 128664377, 848507147, 90379614, 90379615, 90379616, 90379617, 128664380, 90379618, 311887529, 128664381, 90379619, 90379359, 314042698, 122586155, 90379613, 428214870, 128664377, 848507147, 90379614, 90379615, 90379616, 311887112, 311888929, 311887143, 90379759, 481392111, 481392108, 1143317285, 90380150
16:00:00
::::::::::
15
18, 16, 17
90379359, 314042698, 122586155, 90379613, 428214870, 128664377, 848507147, 90379614, 90379615, 90379616, 90379617, 128664380, 90379618, 311887529, 128664381, 90379619, 90379359, 314042698, 122586155, 90379613, 428214870, 128664377, 848507147, 90379614, 90379615, 90379616, 311887112, 311888929, 311887143, 90379759, 481392111, 481392108, 1143317285, 90380150
16:00:00
::::::::::
20
21
26130564, 26130566, 26130570
16:00:00
::::::::::
25
26
26130564, 26130566, 26130570
16:00:00
::::::::::
30
33, 31, 32
26121319, 26121320, 26121321, 26121322, 26121323, 26121324, 26121325
16:00:00
::::::::::